# Created by Octave 5.2.0, Wed Aug 19 17:05:29 2020 GMT <unknown@TQL0776W>
# name: filtro_altas modificacion que hice otravez
# type: matrix
# rows: 100
# columns: 1
 -3.0962988007946701
 2.8232252398730875
 1.4486644631782999
 0.5538204551005701
 -0.28224960055665704
 -0.45999287811761519
 -0.74141266463632571
 -0.5141536744081785
 -0.53980245076618827
 -0.16538232734050096
 -0.14893131956658112
 0.20924187432115779
 0.14911249199075474
 0.41838862282652511
 0.24474418288065675
 0.cosas
 0.15570402985932283
 0.28212473632119694
 -0.035021885288370885
 0.089617597943304872
 -0.23178325803574118
 -0.064687506749677867
 -0.35838546431818841
 -0.12690799867879535
 -0.3795874287970733
 -0.082557826185408953
 -0.30290578844073002
 0.050040703185109406
 -0.17654414209566491
 0.21709832923076583
 -0.040303266622085089
 0.36409225917091698
 0.049222318617959039
 0.46073157136443854
 0.056428939529732464
 0.46833601173161166
 -0.035861658304398997
 0.39890909762850157
 -0.22168514052454391
 0.26615718652466025
 -0.48440499017023197
 0.11727141990221046
 -0.80299142306923277
 -0.0026295895286954441
 -1.1817939573282605
 0.011357739238953623
 -1.6864927831813161
 0.43389370978044944
 -3.0067417387480129
 5.4574066556297041
 5.4574066556297041
 -3.0067417387480129
 0.43389370978044944
 -1.6864927831813161
 0.011357739238953623
 -1.1817939573282605
 -0.0026295895286954441
 -0.80299142306923277
 0.11727141990221046
 -0.48440499017023197
 0.26615718652466025
 -0.22168514052454391
 0.39890909762850157
 -0.035861658304398997
 0.46833601173161166
 0.056428939529732464
 0.46073157136443854
 0.049222318617959039
 0.36409225917091698
 -0.040303266622085089
 0.mascosas
 -0.17654414209566491
 0.050040703185109406
 -0.30290578844073002
 -0.082557826185408953
 -0.3795874287970733
 -0.12690799867879535
 -0.35838546431818841
 -0.064687506749677867
 -0.23178325803574118
 0.089617597943304872
 -0.035021885288370885
 0.28212473632119694
 0.15570402985932283
 0.42272105949113026
 0.24474418288065675
 0.41838862282652511
 0.14911249199075474
 0.20924187432115779
 -0.14893131956658112
 -0.16538232734050096
 -0.53980245076618827
 -0.5141536744081785
 -0.74141266463632571
 -0.45999287811761519
 -0.28224960055665704
 0.5538204551005701
 1.4486644631782999
 2.8232252398730875
 -3.0962988007946701


# name: filtro_medium
# type: matrix
# rows: 100
# columns: 1
 0.065401222267174916
 0.0071793877203682015
 0.031305872897765964
 0.030132479835675144
 0.036327715110051353
 0.037007654198220566
 0.037359185187920703
 0.037768996816376549
 0.03085421665723579
 0.026430950801719179
 0.013037306916376662
 0.0036203033542205904
 -0.021256360734597211
 -0.038326440434734814
 -0.068882366809092835
 -0.097368758720085963
 -0.13352182286674621
 -0.16798848984465059
 -0.21060743452167102
 -0.24943492277554241
 -0.29444187260679078
 -0.3327160173954658
 -0.37591218105224194
 -0.40962464964692641
 -0.44391035346123331
 -0.46821971367098697
 -0.49154705382883224
 -0.49935932055381937
 -0.50624329011756519
 -0.49587940627515492
 -0.4807021592534082
 -0.44927721005843962
 -0.41183247805329593
 -0.35950620527014338
 -0.30070887626605353
 -0.2287976152815599
 -0.15359954071177304
 -0.066173077662848107
 0.021477724089982598
 0.11568682994429015
 0.20773594277807131
 0.30261035209748777
 0.38910264453620486
 0.47560462506839152
 0.54937932186715788
 0.61863580933636941
 0.67185577798862672
 0.71608037985403983
 0.74468785336208099
 0.7592223302733635
 0.7592223302733635
 0.74468785336208099
 0.71608037985403983
 0.67185577798862672
 0.61863580933636941
 0.54937932186715788
 0.47560462506839152
 0.38910264453620486
 0.30261035209748777
 0.20773594277807131
 0.11568682994429015
 0.021477724089982598
 -0.066173077662848107
 -0.15359954071177304
 -0.2287976152815599
 -0.30070887626605353
 -0.35950620527014338
 -0.41183247805329593
 -0.44927721005843962
 -0.4807021592534082
 -0.49587940627515492
 -0.50624329011756519
 -0.49935932055381937
 -0.49154705382883224
 -0.46821971367098697
 -0.44391035346123331
 -0.40962464964692641
 -0.37591218105224194
 -0.3327160173954658
 -0.29444187260679078
 -0.24943492277554241
 -0.21060743452167102
 -0.16798848984465059
 -0.13352182286674621
 -0.097368758720085963
 -0.068882366809092835
 -0.038326440434734814
 -0.021256360734597211
 0.0036203033542205904
 0.013037306916376662
 0.026430950801719179
 0.03085421665723579
 0.037768996816376549
 0.037359185187920703
 0.037007654198220566
 0.036327715110051353
 0.030132479835675144
 0.031305872897765964
 0.0071793877203682015
 0.065401222267174916


# name: filtro_bajas
# type: matrix
# rows: 100
# columns: 1
 0.023043474387983882
 0.0047811216964601961
 0.0052646087961907258
 0.005769697554517241
 0.0062952278185902924
 0.0068404601178554195
 0.0074038730069731305
 0.0079867699658484545
 0.0085829725387363588
 0.0092006164077692923
 0.0098333192305897522
 0.010482008131490604
 0.011146176696367121
 0.011822372482629972
 0.012506478994623798
 0.01319464723723633
 0.013892073384063182
 0.014595362237901324
 0.015310958937262458
 0.016036441320494851
 0.016760408350042357
 0.017465601039712526
 0.018158979614401813
 0.018909015579359433
 0.019590072653261899
 0.020293483098298089
 0.020980345918508721
 0.021655290343899566
 0.022316450650081983
 0.022961415331905485
 0.023593422752322804
 0.024200594662050573
 0.024794860909368933
 0.025362995570595678
 0.025904973756501297
 0.026422757133629977
 0.026914498810820409
 0.027378236566850508
 0.02781088176539781
 0.028215157030829593
 0.028582956419577154
 0.02891634616682872
 0.029217558041984958
 0.029486437038162481
 0.02971474212990061
 0.029900213701851211
 0.030064110214694618
 0.030174153206885261
 0.03025324138971287
 0.030291465601912936
 0.030291465601912936
 0.03025324138971287
 0.030174153206885261
 0.030064110214694618
 0.029900213701851211
 0.02971474212990061
 0.029486437038162481
 0.029217558041984958
 0.02891634616682872
 0.028582956419577154
 0.028215157030829593
 0.02781088176539781
 0.027378236566850508
 0.026914498810820409
 0.026422757133629977
 0.025904973756501297
 0.025362995570595678
 0.024794860909368933
 0.024200594662050573
 0.023593422752322804
 0.022961415331905485
 0.022316450650081983
 0.021655290343899566
 0.020980345918508721
 0.020293483098298089
 0.019590072653261899
 0.018909015579359433
 0.018158979614401813
 0.017465601039712526
 0.016760408350042357
 0.016036441320494851
 0.015310958937262458
 0.014595362237901324
 0.013892073384063182
 0.01319464723723633
 0.012506478994623798
 0.011822372482629972
 0.011146176696367121
 0.010482008131490604
 0.0098333192305897522
 0.0092006164077692923
 0.0085829725387363588
 0.0079867699658484545
 0.0074038730069731305
 0.0068404601178554195
 0.0062952278185902924
 0.005769697554517241
 0.0052646087961907258
 0.0047811216964601961
 0.023043474387983882


